4,4019,'1469385',1
4,4019,'1469386',2
4,4019,'1469387',3
4,4019,'1469388',4
4,4019,'1469389',5
4,4019,'1469390',6
4,4019,'1469391',7
4,4019,'1469392',8
4,4019,'1469393',9
4,4019,'1469394',10
4,4019,'1469395',11
4,4019,'1469396',12
4,4019,'1469397',13
4,4019,'1469398',14
4,4019,'1469399',15
5,5019,'1473681',16
5,5019,'1473682',17
5,5019,'1473683',18
5,5019,'1473684',19
5,5019,'1473685',20
5,5019,'1473686',21
5,5019,'1473687',22
5,5019,'1473688',23
5,5019,'1473689',24
5,5019,'1473690',25
5,5019,'1473691',26
5,5019,'1473692',27
5,5019,'1473693',28
5,5019,'1473694',29
5,5019,'1473695',30
6,6019,'1464057',31
6,6019,'1464065',32
6,6019,'1464147',33
6,6019,'1464159',34
6,6019,'1464205',35
6,6019,'1464209',36
6,6019,'1464214',37
6,6019,'1464251',38
6,6019,'1464274',39
6,6019,'1464352',40
6,6019,'1464367',41
6,6019,'1464431',42
6,6019,'1464433',43
6,6019,'1464463',44
6,6019,'1464477',45
7,7019,'1473546',46
7,7019,'1473547',47
7,7019,'1473548',48
7,7019,'1473549',49
7,7019,'1473550',50
7,7019,'1473551',51
7,7019,'1473552',52
7,7019,'1473553',53
7,7019,'1473554',54
7,7019,'1473555',55
7,7019,'1473556',56
7,7019,'1473557',57
7,7019,'1473558',58
7,7019,'1473559',59
7,7019,'1473560',60
