4019,'1469385',700,,1,1,,,0,29,,1,39,,,0,29,,1,70,4,,0
4019,'1469386',800,,2,1,,,0,29,,2,39,,,0,29,,2,70,4,,0
4019,'1469387',900,,3,1,,,0,29,,3,39,,,0,29,,3,70,4,,0
4019,'1469388',1000,,4,1,,,0,29,,4,39,,,0,29,,4,70,4,,0
4019,'1469389',1100,,5,1,,,0,29,,5,39,,,0,29,,5,70,4,,0
4019,'1469390',1200,,6,1,,,0,29,,6,39,,,0,29,,6,70,4,,0
4019,'1469391',1300,,7,1,,,0,29,,7,39,,,0,29,,7,70,4,,0
4019,'1469392',1400,,8,1,,,0,29,,8,39,,,0,29,,8,70,4,,0
4019,'1469393',1500,,9,1,,,0,29,,9,39,,,0,29,,9,70,4,,0
4019,'1469394',1600,,10,1,,,0,29,,10,39,,,0,29,,10,70,4,,0
4019,'1469395',1700,,11,1,,,0,29,,11,39,,,0,29,,11,70,4,,0
4019,'1469396',1800,,12,1,,,0,29,,12,39,,,0,29,,12,70,4,,0
4019,'1469397',1900,,13,1,,,0,29,,13,39,,,0,29,,13,70,4,,0
4019,'1469398',2000,,14,1,,,0,29,,14,39,,,0,29,,14,70,4,,0
4019,'1469399',2100,,15,1,,,0,29,,15,39,,,0,29,,15,70,4,,0
5019,'1473681',700,,16,1,,,0,58,,16,70,4,,0
5019,'1473682',800,,17,1,,,0,58,,17,70,4,,0
5019,'1473683',900,,18,1,,,0,58,,18,70,4,,0
5019,'1473684',1000,,19,1,,,0,58,,19,70,4,,0
5019,'1473685',1100,,20,1,,,0,58,,20,70,4,,0
5019,'1473686',1200,,21,1,,,0,58,,21,70,4,,0
5019,'1473687',1300,,22,1,,,0,58,,22,70,4,,0
5019,'1473688',1400,,23,1,,,0,58,,23,70,4,,0
5019,'1473689',1500,,24,1,,,0,58,,24,70,4,,0
5019,'1473690',1600,,25,1,,,0,58,,25,70,4,,0
5019,'1473691',1700,,26,1,,,0,58,,26,70,4,,0
5019,'1473692',1800,,27,1,,,0,58,,27,70,4,,0
5019,'1473693',1900,,28,1,,,0,58,,28,70,4,,0
5019,'1473694',2000,,29,1,,,0,58,,29,70,4,,0
5019,'1473695',2100,,30,1,,,0,58,,30,70,4,,0
6019,'1464057',800,,31,1,,,0,52,,31,54,4,,0
6019,'1464065',1600,,32,1,,,0,52,,32,54,4,,0
6019,'1464147',1800,,33,1,,,0,52,,33,54,4,,0
6019,'1464159',1500,,34,1,,,0,52,,34,54,4,,0
6019,'1464205',1700,,35,1,,,0,52,,35,54,4,,0
6019,'1464209',1200,,36,1,,,0,52,,36,54,4,,0
6019,'1464214',900,,37,1,,,0,52,,37,54,4,,0
6019,'1464251',2000,,38,1,,,0,52,,38,54,4,,0
6019,'1464274',1100,,39,1,,,0,52,,39,54,4,,0
6019,'1464352',1300,,40,1,,,0,52,,40,54,4,,0
6019,'1464367',1000,,41,1,,,0,52,,41,54,4,,0
6019,'1464431',1900,,42,1,,,0,52,,42,54,4,,0
6019,'1464433',2100,,43,1,,,0,52,,43,54,4,,0
6019,'1464463',1400,,44,1,,,0,52,,44,54,4,,0
6019,'1464477',700,,45,1,,,0,52,,45,54,4,,0
7019,'1473546',700,,46,1,,,0,44,,46,41,,,0,15,,46,50,4,,0
7019,'1473547',800,,47,1,,,0,44,,47,41,,,0,15,,47,50,4,,0
7019,'1473548',900,,48,1,,,0,44,,48,41,,,0,15,,48,50,4,,0
7019,'1473549',1000,,49,1,,,0,44,,49,41,,,0,15,,49,50,4,,0
7019,'1473550',1100,,50,1,,,0,44,,50,41,,,0,15,,50,50,4,,0
7019,'1473551',1200,,51,1,,,0,44,,51,41,,,0,15,,51,50,4,,0
7019,'1473552',1300,,52,1,,,0,44,,52,41,,,0,15,,52,50,4,,0
7019,'1473553',1400,,53,1,,,0,44,,53,41,,,0,15,,53,50,4,,0
7019,'1473554',1500,,54,1,,,0,44,,54,41,,,0,15,,54,50,4,,0
7019,'1473555',1600,,55,1,,,0,44,,55,41,,,0,15,,55,50,4,,0
7019,'1473556',1700,,56,1,,,0,44,,56,41,,,0,15,,56,50,4,,0
7019,'1473557',1800,,57,1,,,0,44,,57,41,,,0,15,,57,50,4,,0
7019,'1473558',1900,,58,1,,,0,44,,58,41,,,0,15,,58,50,4,,0
7019,'1473559',2000,,59,1,,,0,44,,59,41,,,0,15,,59,50,4,,0
7019,'1473560',2100,,60,1,,,0,44,,60,41,,,0,15,,60,50,4,,0
