4019,101,1,0,0
4019,202,2,0,0
4019,203,3,0,0
4019,204,4,0,0
4019,205,5,0,0
4019,206,6,0,0
4019,207,7,0,0
4019,208,8,0,0
4019,209,9,0,0
4019,210,10,0,0
4019,211,11,0,0
4019,212,12,0,0
4019,213,13,0,0
4019,214,14,0,0
4019,215,15,0,0
4019,216,16,0,0
4019,217,17,0,0
4019,218,18,0,0
4019,219,19,0,0
4019,220,20,0,0
4019,221,21,0,0
4019,270,22,0,0
4019,264,23,0,0
4019,265,24,0,0
4019,266,25,0,0
4019,267,26,0,0
4019,268,27,0,0
4019,269,28,0,0
4019,271,29,0,0
4019,225,30,0,0
4019,226,31,0,0
4019,227,32,0,0
4019,228,33,0,0
4019,229,34,0,0
4019,230,35,0,0
4019,231,36,0,0
4019,232,37,0,0
4019,233,38,0,0
4019,235,39,0,0
4019,236,40,0,0
4019,237,41,0,0
4019,238,42,0,0
4019,239,43,0,0
4019,240,44,0,0
4019,241,45,0,0
4019,242,46,0,0
4019,243,47,0,0
4019,244,48,0,0
4019,273,49,0,0
4019,245,50,0,0
4019,246,51,0,0
4019,247,52,0,0
4019,272,53,0,0
4019,249,54,0,0
4019,250,55,0,0
4019,251,56,0,0
4019,252,57,0,0
4019,253,58,0,0
4019,254,59,0,0
4019,255,60,0,0
4019,256,61,0,0
4019,257,62,0,0
4019,258,63,0,0
4019,259,64,0,0
4019,260,65,0,0
4019,261,66,0,0
4019,262,67,0,0
4019,263,68,0,0
5019,101,1,0,0
5019,102,2,0,0
5019,103,3,0,0
5019,175,4,0,0
5019,108,5,0,0
5019,109,6,0,0
5019,110,7,0,0
5019,111,8,0,0
5019,112,9,0,0
5019,113,10,0,0
5019,114,11,0,0
5019,115,12,0,0
5019,116,13,0,0
5019,117,14,0,0
5019,118,15,0,0
5019,119,16,0,0
5019,120,17,0,0
5019,121,18,0,0
5019,122,19,0,0
5019,123,20,0,0
5019,124,21,0,0
5019,125,22,0,0
5019,126,23,0,0
5019,127,24,0,0
5019,128,25,0,0
5019,129,26,0,0
5019,130,27,0,0
5019,131,28,0,0
5019,132,29,0,0
5019,133,30,0,0
5019,134,31,0,0
5019,135,32,0,0
5019,136,33,0,0
5019,137,34,0,0
5019,138,35,0,0
5019,139,36,0,0
5019,140,37,0,0
5019,176,38,0,0
5019,142,39,0,0
5019,143,40,0,0
5019,144,41,0,0
5019,145,42,0,0
5019,146,43,0,0
5019,147,44,0,0
5019,148,45,0,0
5019,149,46,0,0
5019,150,47,0,0
5019,151,48,0,0
5019,152,49,0,0
5019,153,50,0,0
5019,154,51,0,0
5019,155,52,0,0
5019,156,53,0,0
5019,157,54,0,0
5019,158,55,0,0
5019,159,56,0,0
5019,160,57,0,0
5019,161,58,0,0
5019,162,59,0,0
5019,163,60,0,0
5019,164,61,0,0
5019,165,62,0,0
5019,166,63,0,0
5019,167,64,0,0
5019,168,65,0,0
5019,169,66,0,0
5019,170,67,0,0
5019,171,68,0,0
5019,174,69,0,0
6019,101,1,0,0
6019,365,2,0,0
6019,366,3,0,0
6019,303,4,0,0
6019,367,5,0,0
6019,305,6,0,0
6019,306,7,0,0
6019,307,8,0,0
6019,308,9,0,0
6019,313,10,0,0
6019,371,11,0,0
6019,372,12,0,0
6019,373,13,0,0
6019,317,14,0,0
6019,318,15,0,0
6019,319,16,0,0
6019,320,17,0,0
6019,321,18,0,0
6019,322,19,0,0
6019,323,20,0,0
6019,324,21,0,0
6019,325,22,0,0
6019,326,23,0,0
6019,327,24,0,0
6019,328,25,0,0
6019,329,26,0,0
6019,330,27,0,0
6019,331,28,0,0
6019,332,29,0,0
6019,333,30,0,0
6019,334,31,0,0
6019,335,32,0,0
6019,336,33,0,0
6019,337,34,0,0
6019,338,35,0,0
6019,339,36,0,0
6019,340,37,0,0
6019,341,38,0,0
6019,342,39,0,0
6019,343,40,0,0
6019,344,41,0,0
6019,345,42,0,0
6019,374,43,0,0
6019,375,44,0,0
6019,355,45,0,0
6019,356,46,0,0
6019,357,47,0,0
6019,358,48,0,0
6019,370,49,0,0
6019,361,50,0,0
6019,362,51,0,0
6019,363,52,0,0
6019,364,53,0,0
7019,101,1,0,0
7019,402,2,0,0
7019,403,3,0,0
7019,404,4,0,0
7019,405,5,0,0
7019,406,6,0,0
7019,407,7,0,0
7019,408,8,0,0
7019,409,9,0,0
7019,410,10,0,0
7019,411,11,0,0
7019,412,12,0,0
7019,413,13,0,0
7019,414,14,0,0
7019,415,15,0,0
7019,416,16,0,0
7019,417,17,0,0
7019,418,18,0,0
7019,419,19,0,0
7019,420,20,0,0
7019,421,21,0,0
7019,422,22,0,0
7019,423,23,0,0
7019,424,24,0,0
7019,425,25,0,0
7019,426,26,0,0
7019,427,27,0,0
7019,428,28,0,0
7019,429,29,0,0
7019,430,30,0,0
7019,431,31,0,0
7019,432,32,0,0
7019,433,33,0,0
7019,434,34,0,0
7019,435,35,0,0
7019,436,36,0,0
7019,437,37,0,0
7019,438,38,0,0
7019,439,39,0,0
7019,440,40,0,0
7019,442,41,0,0
7019,443,42,0,0
7019,444,43,0,0
7019,445,44,0,0
7019,446,45,0,0
7019,447,46,0,0
7019,448,47,0,0
7019,449,48,0,0
